1000 855962080 855962395
722147486 664373737
925683391 387803777
270255213 387725972
632205581 468213743
898771077 387800312
836111088 387725027
792662024 387753692
733150718 468135623
269094879 321901115
490975474 468117983
854275428 468212168
577667496 387747077
932470792 468143183
747377846 387758102
215385187 387776372
327698089 468209333
112715441 387814487
481350193 468201773
488267669 709421515
742839401 667309856
202665480 468162083
427414134 468227603
900242954 468171533
433026159 387759047
634072008 468232958
724601090 387811337
881241357 387750857
10204828 387789602
649425628 387817007
218808994 387764087
61224370 667312376
935916800 468191693
429000205 387794957
992413018 387794012
619648442 468140348
751676639 188656634
904371831 387790232
18224586 387830552
143798260 387812597
209789391 664377202
467335072 387802832
664492022 450373158
387267212 468182873
241965246 387838427
981605801 387769757
640537143 321901430
401765976 468198938
512565076 387760937
308401783 468169013
576654448 468214688
894075165 468224453
637470304 387822047
883146923 468130898
719254298 387777632
137962679 468183818
675143848 664378147
698615964 468209648
363395933 387836222
265171464 387726602
698750920 387834962
224167173 468124283
272834979 468161138
544107730 468194213
375470092 468222878
832395887 387829922
556737359 468149168
284160568 468198623
89041590 387740777
877157516 468238943
699511669 387799997
672073649 387809447
183537551 468185078
289603023 67078822
580833184 387739517
598789638 468199883
968222074 387828977
655651844 468140033
484169107 387820157
143316478 387817952
201611947 191577633
303084525 468188858
516168753 468139403
178566857 468133103
237146027 667307966
955275005 387837167
683802981 188652539
849223739 387727862
965011677 191584248
305508605 468125543
636940424 387726917
704039364 387779837
36696619 387720302
38083076 387822362
936116010 468194843
76563138 468132788
82188186 387771332
98250911 664375312
779069294 387790547
259136489 468140978
409430090 468188228
534408448 188650964
517091315 667308596
846160591 387744242
586356600 468147278
62547228 387776687
520069005 468236108
70981544 387827402
23669108 387749912
233062356 468144443
594666107 191582673
763390279 468187598
565114118 468204293
24807622 468171218
4292926 387771962
364492345 468190433
84846001 387800942
5021381 468118613
424507969 468221618
285559280 387793382
714828172 387798737
586472599 468233273
222211350 468117668
111888888 468184763
193375541 468213113
997914970 667311746
284831539 387728177
935934026 664379722
38272956 468228233
954677022 468242408
699236328 387797162
428354868 468129008
181414236 387799052
887806219 387803462
161330424 468222248
393974811 468213428
504292615 191576688
36289783 468164918
424182049 664386652
894475728 321902375
247742022 468235163
516847217 468126488
809939856 534060965
468960799 188650019
16032628 468234533
764375251 468229808
279131762 387762197
673921356 387786137
197440373 387775427
295714011 387829292
780822332 664376257
856418989 468175628
397862129 387728807
833836928 387785192
492183692 435092508
248952251 387822992
490304953 387760307
27546535 387784877
240149557 387748652
771007923 387789917
463601959 468234848
757465758 387721247
667660113 468123023
14924888 468164603
499785837 387812912
331384532 387794642
96277835 387843782
692199382 468155153
647852226 387844097
566409918 387730382
890749138 468169643
529046851 387807872
639417480 709420570
673134998 387723137
929834774 468118298
215568346 525269225
606784421 667305761
912870935 468241463
896769278 387781097
834938680 468144128
238617714 387826772
144586484 387817637
408415377 387746132
583582279 667309541
12498334 387823937
446886974 468161453
564171273 468221933
548283377 468120188
623975934 387804407
504138268 387819212
184438401 387796217
44993799 468184448
841439754 191582988
603864873 387757157
92886211 191579838
942992055 468208388
162208109 664374367
191877422 468197363
321359289 387809762
221287912 468130583
36762666 468123338
534461822 534060335
958024907 667313006
656884699 468157043
161441558 387803147
876038775 387826457
570383466 468143498
838315923 387727232
883925259 468216263
658840569 191580153
367556107 387720932
434156768 125012468
598628621 387768812
146601099 387741407
384573814 667307021
610589715 387821102
959091186 468196733
959901995 387730697
717579137 387758732
276072390 468186968
144875646 188650334
806654384 387777947
513182901 387761882
685370970 427981355
48318083 468179408
747324381 191575428
584125933 387811652
908100355 387725657
253979987 468215948
431574991 387832757
426244340 43134640
16597037 468157988
766342810 667309226
738129506 468189488
670018209 146541825
191028932 191588343
238295186 387738257
620605298 468123968
337138635 191586453
761433730 468166178
688763815 468191378
490582264 387831812
636385422 468212798
657959814 667311116
334486498 468207128
829121935 387742982
592359044 321901745
26376237 387767237
303240994 468219413
124507295 468157673
265440632 664375627
961582449 387810077
16220573 387771017
521927833 387782357
893165263 468127433
475001387 468153893
904301485 387816062
725259266 468189173
576413369 468180668
26894345 534061280
951682056 191585823
344993112 468179723
902675707 387763772
276022534 387784247
223376722 387769127
313708451 468175313
435730286 468159563
559051553 387719987
652069100 656709921
957551461 387748967
230356767 191579208
996947022 468161768
332394544 191588028
25716623 387772907
472889953 191578893
720768012 188653169
858793652 468203348
130065380 468212483
486898598 387791492
299314520 468210908
722994871 387767867
784700812 387787082
540170330 121788764
392092428 468160823
861030606 191583303
356360625 191577003
36800301 468217208
299628412 468169958
775045214 387837482
785377878 468131213
743154287 468151688
734575244 387768182
869474328 667305446
859750082 387842522
812595196 387784562
640312524 468176888
103398119 468225083
310204785 667310171
724399291 387805982
344033437 468151373
13024099 468202718
513918630 387805037
225809 387777002
678922691 387788972
200633913 387779522
405199368 387833072
750578751 387808817
932384602 458350964
199180074 387817322
487272058 387809132
5883948 387835907
244124413 387801572
455590962 188655059
119104393 468239573
301630713 468231698
129496537 387719672
360977310 387770702
845628560 387774167
420841290 387805352
654975191 468193898
411525542 664379407
246920540 191577318
711032199 664382242
786413664 387825827
756191100 468120818
870259778 468170903
216741196 664386337
98270002 16738709
494996397 387782672
199170999 387765977
943423896 387792122
713663687 468168068
637829236 468215318
398242803 468126173
588631065 387822677
568053171 468142868
67428744 468137828
208022013 387753377
531937837 191576058
897052910 468181928
154903946 468211853
379828834 468142238
518651606 387839372
471230446 468156728
361458269 387734792
35818997 468164288
299314535 387831182
867617898 387750227
752369541 188656319
2897459 387827087
852614805 191581098
898804210 468221303
554842319 387722822
999701141 468190118
12334626 468196418
421933154 468167123
500193893 387743927
335248602 664373422
842802937 387798107
504782142 468172478
685902747 387796532
230347354 468203978
664419736 664383817
496519761 468147593
858683720 387810707
596176168 468183503
121079093 468158618
832866447 427981040
521432236 191588973
732988154 387801257
826986291 387783617
352738288 191574483
871355514 387818897
205236119 188650649
510273567 651370244
933946184 468210278
426579048 387841892
664500815 468175943
265651604 468174683
788385197 387780467
869747765 188649389
689387272 664386022
497873676 191587713
951020645 468145703
507817617 468241778
519912642 387778577
885452218 468141923
847402897 468183188
471995871 468174053
300330697 387722507
559917207 468216578
282374934 387761252
743338346 387796847
576932893 387765347
74935560 468146648
141771916 387806927
653532983 468180983
822435373 387820787
204521247 87877530
24142125 387824252
46264877 468141293
766621036 387762827
779424102 468220358
956218614 468152948
860292306 468220043
894453529 387735737
990910587 387767552
561874301 468170588
172273240 387788657
797141143 468199253
247855130 387818582
329647496 468163028
139952677 664382872
283564222 387731642
764848249 468195788
602372521 188653484
673743623 387834332
544667150 387825512
527691803 387840317
131742638 468121448
899633059 191579523
240702992 468194528
819569344 387748337
796114397 468226028
636549115 387734477
621599270 387729437
125166476 468211223
452496909 387755267
452497624 387747392
550955695 468201143
468918376 468137198
837928908 468125228
144637677 667310486
890067055 387824567
402660733 146540880
381647685 468233903
599987844 387723767
200301886 468228548
535709540 387742037
3642612 468209018
53017313 191588658
440881335 468192323
853454542 387721877
987584543 387746447
283288898 468148853
984038824 387759677
888302372 468192008
24337815 387778892
218559228 387793067
15741462 468126803
634382142 468240833
332160649 468134363
32650006 387785507
600392404 468200828
443221950 387729752
298807680 468207758
190455051 468236423
989020552 387769442
121731779 468136568
689103621 468134678
326126730 468154838
622082544 387814802
512838205 387766292
620144009 387782042
604207710 387724397
718640865 387808502
334569447 468122393
565117689 387774482
306129751 468202088
566391027 387807557
596389924 468195473
951803841 468124913
226638773 664383187
12973127 387826142
593154038 387752747
613411110 468205868
219993757 664385077
543295686 387781727
322772433 387775742
524782623 468158933
505526438 667312691
808490515 387843152
605818814 387815117
142280688 468206183
77487172 468181613
306772390 387824882
881776880 664384762
397278030 468197048
386650631 468218468
817523573 387741722
486509438 468145388
279611081 468178778
217582888 468163343
911894198 387831497
703821444 188656004
996641983 468235478
31333068 468168698
166549387 387766607
845215898 387739832
633873586 468162713
836156175 387773222
593615720 468201458
688718592 468138458
425256296 468133733
710146254 468225713
482405286 387750542
701053080 387772592
866972358 468173423
791825832 387757787
731468508 188649074
401040589 387835277
393932129 191580783
192218952 387786452
449753513 387823307
358087733 468214058
675604482 468226343
202269595 468129953
85114464 387741092
452765589 468202403
867417274 468152003
887179764 468203663
581498842 468220988
851136338 468166808
69130364 387786767
261584981 387841262
684867074 468226658
153451910 387841577
467740163 387819527
954530767 468210593
921889508 387819842
685242936 468159878
527743424 387792752
290668083 468129323
288704062 468228863
523805550 387800627
299464456 468148223
994451371 664380667
56816277 468229493
312032541 387770072
602957067 191584878
597653926 387799682
406081285 468182558
378402710 468229178
868213470 468176258
916348362 387760622
380356242 468235793
769888442 664384447
665306496 664378777
593569550 468222563
59977657 188654744
250530570 468227288
393894136 468223823
684618052 387723452
477055006 191576373
981521263 468198308
538723811 468231068
417363342 387815432
819264684 468132473
891068609 188651909
848439326 667308911
303670285 191589288
598115426 468141608
294894676 468157358
19846406 359333954
997706726 464697014
824727769 468208073
914738248 146541510
513368259 664381297
28438561 19354353
375709965 468166493
247935211 468151058
160804368 188651594
418066301 387792437
666819349 387781412
818673681 387732272
786999121 387834647
25015234 387747707
746665639 468127748
825735654 468121133
444031737 387813542
927193924 468153578
747091510 468238313
268231342 387828347
706724918 387840632
998215129 387742667
135491128 387725342
135395630 387798422
434149087 468230753
440131544 387737312
99954755 667310801
238502202 468134048
307601415 387840002
369284263 191583933
937164348 506287841
87284753 387828662
682615046 468149798
976389879 664387282
728561527 387805667
100672347 468177518
715603947 468122078
42873930 387838112
685713624 387842837
412072968 191583618
610804070 146540565
89104612 468131528
757480681 387761567
659807421 387754952
118611463 387754007
967879524 709420255
758810865 333469056
741729396 387732902
883517788 468182243
918660130 468140663
674079893 664385392
591664776 387756842
494191620 387773537
651761870 467582777
391345536 468160193
380812180 468224768
619600282 387828032
661083066 387795902
483370082 664381927
676663026 387735107
693756416 468136883
671217816 468208703
430489717 468232643
885616749 387775112
981660735 468218783
454575616 468132158
153556773 188649704
915908826 468187283
1012464 468203033
433868432 468165548
212607319 468186023
160157801 468239258
76440714 191585193
769085397 468195158
75307648 387797792
605558564 468209963
550569941 41933471
74777496 387768497
322004547 387751802
442861443 468189803
135465775 468219728
140116248 664376572
206020564 468120503
845997588 468206813
883388484 468148538
783026966 191574798
865640646 188655374
692765572 468170273
553584704 387838742
933179027 239587375
475245573 667312061
864531730 468197678
443646146 387736367
889230127 468197993
516515019 387837797
454680649 387774797
397796159 667307651
194904093 468242723
787026491 387743297
671601025 387793697
142165510 387788027
542726782 387755897
420018862 387794327
28462970 468138143
855208747 468137513
133881210 387766922
91284451 468146333
95922124 468239888
157923974 667311431
738599698 468139718
104417942 468233588
203887434 664377832
309858728 468118928
720875349 387816692
196570534 387729122
842226197 468211538
717914349 468125858
506511372 387754637
594824707 664380982
610447773 468171848
956555245 468241148
574596895 191587398
485883458 387733532
950322850 191578578
383022778 468121763
489892977 387720617
73323895 468154208
734028668 664377517
52195306 468230438
346118822 387755582
385464500 468226973
759802668 387733217
80541321 468225398
992865225 468193583
467426811 387820472
633605479 468178148
670217059 387727547
723847556 664378462
666182207 387739202
928834709 387756212
190669050 468205553
580555571 387763142
314777410 387839687
263671556 387814172
475370385 387795272
323908466 468184133
467704293 191586138
841963228 191575743
54544984 468181298
33125830 534060020
953552021 387754322
780229489 468230123
889220885 468128693
95800021 468217838
394434665 664387597
35940104 387797477
622098541 387780152
18489292 321902060
38529481 387783302
138318370 387815747
695516760 468152633
469113368 468216893
42000981 664380037
806746210 387731957
327437565 387842207
484939990 188652854
933076867 664387912
203987910 387772277
520248798 468162398
217117531 664386967
589737985 387751487
965243676 496600275
224092400 472749705
212465050 534060650
177811869 387738572
133725187 387779207
580076720 387756527
463130658 468122708
491514072 664376887
830570064 387787397
786829860 468193268
145964476 468192953
171855465 191580468
275044652 468186653
320340725 387787712
711740651 468165233
190331044 387745187
434808235 387764402
34082115 468231383
928806165 468236738
59740792 191581728
899368701 387736682
976460894 468150428
702232667 387745502
638927814 387829607
717577233 468185393
683694306 468218153
844063556 387759362
380931837 387719042
413023168 468176573
868678073 468130268
372656745 387724712
697317595 468163658
82476254 468173738
610015500 468227918
891361384 664380352
941028047 518253440
366776802 387832442
30919280 468190748
212174392 468146018
131872587 387788342
909306157 468192638
310035495 468240518
238689645 387810392
804429748 468207443
287629573 667306706
78481493 468188543
112853727 468200198
49799610 468150113
366786630 387791177
238155558 664374997
956039724 468138773
935918346 387777317
622983671 387718727
145052980 387752117
650051721 191585508
184867242 191586768
726336661 468232013
617029576 387753062
300838590 468135308
100868144 387806612
513028545 188655689
233712754 664383502
922660855 387811967
478121334 468156413
960623451 387790862
842276939 468119243
430024036 387825197
489714768 468153263
354412147 387719357
587340874 191587083
810904042 468165863
747294567 387724082
442533648 387818267
378862391 468217523
716981877 387840947
7661715 387762512
347085994 468238628
644127289 387770387
310471129 468146963
704639219 191573853
322585323 709420885
834576246 387833702
352983495 468178463
272126683 387776057
76937935 387748022
443598254 387730067
860331491 468128063
345046396 468155783
920821564 468156098
397356595 468174998
901729144 468237368
788467044 387808187
941315521 585922420
176145022 797558059
339447034 387823622
133167822 468200513
137071246 387736997
359027703 468214373
262088561 387813857
12506057 468135938
454509551 387746762
407674232 667306391
643802244 387844412
692240425 387728492
323872958 387836537
935598794 468215003
951989809 709421200
622355638 387759992
482712555 188651279
418295651 387736052
227225606 387799367
723685211 468187913
126519157 468215633
677295327 468242093
997724577 468143813
218655333 387749282
523310708 468173108
652203969 468139088
116087524 468160508
89532839 387804722
456638052 387812282
790428052 387740462
697008584 468123653
749885988 468144758
440933871 468172163
778840481 468232328
885856370 387806297
480870203 387830237
171619592 387836852
497679755 387733847
49794370 387744872
37224722 387811022
205607373 387722192
862351489 191582043
577903983 468124598
300206616 387738887
349424681 387731327
203561217 468177833
617921085 468154523
649298283 468128378
180395781 468152318
19649005 387732587
484862398 664388542
319790679 387816377
569366729 468206498
319866630 191574168
351533384 468172793
734609845 468204923
360955982 387726287
435661448 468243038
685557816 188654429
38039593 387737627
320900167 468219098
721297707 664384132
344977455 667306076
21892554 387731012
922700007 387839057
429553906 468180038
480001102 468237683
75575364 387807242
497062291 468155468
984043520 387833387
348298983 387813227
782340664 387765662
305148198 387804092
50625888 387744557
365688241 387745817
631136403 387801887
192681926 468159248
519873641 468223508
562135744 387802517
214897702 387827717
509269318 387789287
722509027 667307336
92716933 387835592
935706682 387791807
741928693 387802202
776818242 468186338
54053263 468220673
567832059 664382557
567774989 468131843
846941720 468240203
250299167 468167438
276468469 468237053
190783679 387764717
357085652 468204608
358224149 146541195
152990745 387743612
456739273 387832127
446184861 387758417
51416673 468174368
891762316 387821417
386905813 468185708
640669360 468223193
257726925 191578263
62679275 387773852
676249633 188653799
673462106 387785822
190537162 387780782
25261204 801762247
570065982 468136253
734633204 387757472
868417778 387821732
737881239 468158303
1546865 387843467
635046456 387742352
966420250 664385707
881141286 387830867
778127432 191582358
399096681 387795587
548907702 664374682
287225654 191581413
787379898 188654114
855911425 468127118
159380508 468145073
398972749 468169328
593569390 468191063
514182828 468199568
645023096 667308281
758764679 664375942
142997142 468129638
286130679 387765032
933011577 387735422
669116111 468150743
468608177 387771647
277379493 664381612
984710209 468237998
444338267 664374052
932361225 191577948
436519279 188652224
839425430 664388227
954873915 468133418
670370415 387752432
735164612 468179093
76091687 468196103
147245615 468180353
754109088 664379092
849787445 468224138
216175003 387749597
985177599 468142553
236234080 468134993
901319733 468147908
146046851 468243353
847014166 468205238
222961148 387763457
485770334 387734162
603086500 387751172
966379432 387834017
512841093 468119873
76521920 564370570
811137264 387782987
696392586 468119558
247596500 387721562
126452946 387778262
635396216 468177203
139052241 202113710
78054505 387737942
607492334 468163973
767180487 387740147
860279352 468168383
518896859 664373107
895995146 191575113
74287001 468234218
650119380 468167753
909608147 468149483
219923103 191584563
306251631 387783932
