1000 1456028538 1456029267
775215765 569779554
471513411 331988678
630465351 769050388
51602681 604253233
309274804 994533819
880003092 727810619
151650124 819266827
290490672 462933652
374481597 169934631
195917138 690579593
234603887 776143125
325751081 629806415
971158234 921801836
908448349 993106550
291823750 41154825
371263534 229721140
240043637 654989684
87790000 399950913
436044987 464867413
9747134 603331718
670169459 538949978
293200278 2416469
215639632 398368643
157697559 536760021
337178979 602791060
669349977 629794022
536625306 462926362
380736433 480245178
726292041 365788175
294810473 993107279
980337341 524862833
159670052 649694390
853096724 692012033
328609682 126177396
346030278 866272346
916670573 580558988
414722794 969981483
575745816 823661699
432493845 710753311
60913968 327125267
622545318 970235117
613023454 478262890
770840970 705866950
135454717 642863743
597283982 73782439
989590063 614467258
665808442 25712395
190038616 433458352
202054348 819070731
104502768 24123195
562982669 462923446
787136700 462918343
634952440 993104363
234621081 80236430
636655165 515393246
946846820 271172470
462937513 747811877
595032200 879405059
391580987 425505580
398782148 125571448
837393503 92358986
910269497 105426714
766162377 292424081
820394509 554057936
365143398 993112382
752887908 993094157
2118469 310139980
392114590 223215771
390982756 981209903
231210300 309660485
578541506 350385520
222113187 840952999
945784913 782163463
407683747 63770773
921785502 572512040
532235350 866099037
107901744 993097802
958304527 123882682
123101755 204772162
960852767 640933711
218840170 826222852
570138106 328629490
500284799 462932194
366854342 462928549
510015498 337954160
625553565 46474870
893683692 291792504
959753139 810225027
109705068 707699028
452474395 275967314
725966475 868263642
745961923 789022485
536535979 870124483
280684847 849048189
747516429 462904492
697244309 918305343
56487100 352970262
194274978 296484475
705993967 153204744
586558350 703202555
378153923 258447768
970403146 173394018
38812927 460491902
90943216 819858670
255070138 134395089
468039745 751885182
493110628 465157389
664893293 764440709
300184364 34144992
679927465 792102417
39180596 713232064
805089433 725351149
354477676 291678452
650400706 462936568
82469892 629799854
214950849 901600700
830740530 406669052
665240761 993116756
630376511 332529751
413782690 885004697
614992473 456057826
524328326 503175143
458383985 462927820
803001774 660488593
414880752 646145795
944710778 40633529
186544880 163233478
753612567 826219936
977378574 960929140
69263345 626413043
810657854 407337178
213479907 347173593
13429626 996665517
754928297 594312319
347953426 267794973
446052461 993120401
304602423 25775916
248229971 607131863
203922753 525936565
475936724 700330275
220157873 400388655
749390636 603563397
906375849 629807873
739604661 472551173
234348669 571436245
469764435 686201513
674739295 826233787
327121594 576830772
8373814 35727360
591917650 19826392
591179431 808139898
408462872 634339375
753323612 477542575
547411211 629804957
373286969 364724374
200659054 819823398
503376353 997110581
719271086 797170390
993132032 700662147
808576097 952854853
659860433 646749164
766671681 688171744
717302326 470624894
531322223 826235974
648662042 168032635
191062421 993114569
13207798 204127761
443841385 904411356
849568440 604620138
800481893 67346424
485799652 664362562
235461704 234516918
844071930 824251573
670519953 448032661
863869156 313742014
683269322 530837789
17598691 764390291
182072340 760170564
612791757 466180814
52737027 925291046
802870709 351336042
201871297 360264627
402225096 449800556
548331553 174953337
379402745 462920530
502285420 178095795
690330673 201155849
42962151 733260799
481034706 99648727
752691256 538479825
316749083 301929998
383247259 895276867
976572611 90620378
500719857 792063569
200242114 937461322
507843462 542583180
702979201 278516396
906110304 340208265
766818207 714135810
114749989 314332004
674518162 921688479
420761091 811650160
785331410 713160640
252390481 621754165
185992146 738326862
961638243 578600531
92933345 629793293
361670775 948928724
89599610 348397689
159568005 674063674
73485644 502674561
266608656 993113111
102978733 260084439
636861462 993126962
248843800 462906679
561087847 172614630
164647235 587571569
779024947 462903763
732432265 39767668
893448022 739757707
665408742 819206230
184391848 993103634
265259060 827946364
474501137 251889659
859127469 136030619
670964870 965084843
445946620 993121859
130385300 430340690
513011437 732210734
705963135 486047784
649759927 694250688
971425305 993121130
300069927 462921259
70473643 218960708
909914030 832223857
990035405 721522218
188684687 645739168
910752814 701153529
506622822 814541857
234655741 292119449
538872478 304833955
528465091 587040952
716525054 227822982
176672143 981364325
211424674 272061917
185090974 178835517
946567427 623742235
43178015 466555375
596805414 993094886
632771490 102154278
383699272 52931924
325392538 869362487
139589267 462903034
623732121 952667575
479907271 386685069
395186395 270302591
867899990 826220665
56287455 924933319
392821388 462905221
784517264 438956196
116353019 419891515
745829805 988377274
250213116 503173685
129513982 462935839
670477682 449494502
641146811 25858484
37513821 317480576
565919942 200445457
730735466 124564076
462834932 239757875
65530117 227759610
641630380 606988972
395675288 507902057
368366855 288689075
383817400 944373211
591306755 232875733
912027557 277618374
231203294 966017201
277028876 315257637
726342307 138618820
353167675 249016980
754992718 604571147
119312112 462913969
403767939 526870343
836199767 452749323
162076410 278143073
51667085 606016413
681004618 599662639
964437908 477964661
502791605 948623549
184926783 785842559
364051692 629802041
602892003 993099260
587474348 87822255
25345108 420544280
640452146 453714601
725533755 625490097
820201973 471593914
889380358 15299201
768249507 533434198
204672159 237417588
594987015 320748032
895870908 453664784
845306821 601773533
369491379 920120191
937879580 723661409
376834145 13641943
376671793 155524025
345013406 80627566
641950257 841205998
678988220 804962050
630589527 764640473
941447719 907335938
162392434 486049242
195268567 777122573
8621191 785274429
290686572 632338041
108844309 86359822
502898718 212724008
433996996 123929052
295655908 258993414
411339451 895700027
766517298 543113974
986828134 359905470
174886511 462916885
882357186 284308668
334641329 806984509
356806024 727851908
538534782 288322578
176963484 770826713
961227377 183480886
149844593 251903927
989963093 545984356
403444559 951251154
473956606 293785574
558769869 5565401
774534852 462932923
962251681 784505096
778833980 642781783
257849175 683627358
483440563 807158066
851068299 525834949
840383267 993097073
842228154 629805686
63543567 9021582
159131254 826223581
896924322 70392650
614038892 750277100
451846504 444070331
389094231 278662859
532662019 805809925
879983645 328013953
851009141 611803601
494995992 462922717
868122188 462937297
679117136 891816715
962715586 948610468
360167461 422600112
219255675 887458176
928472663 748783090
249640752 610552197
865749745 772549822
830199767 183424745
694843962 416459548
856121340 629799125
486377822 614944175
294707911 657329898
682047793 895916328
999141745 757188163
341988861 87298677
763946640 914649338
108585200 830252350
600060055 483357967
936187702 580600521
214898551 462934381
477699170 751345152
306531063 775307652
395810368 652743128
360760171 886495950
459960004 993118214
209731184 462925633
924401337 952855582
783501060 437521350
967994911 492030311
847632576 737588463
391069357 591598359
496724732 617363068
335426292 895033432
956486975 77169240
307396092 176541972
466659162 969980025
783899190 629807144
783376569 890731659
856875648 579962674
816845740 404340199
268344044 219933358
262190394 284171005
233334665 29641250
884612478 459339763
162503202 248008417
684511819 949306666
105208728 841871194
694360955 345215754
441272598 592366156
531016357 232627182
380984528 490165482
998757362 826233058
706655421 993091970
344973797 993109466
592374879 640886159
747381265 39217855
507018713 726374312
977660241 129936716
321572524 759732153
533148352 241503632
48737125 462919801
289303243 462915427
567815398 524433012
897754714 943260127
500130572 7918260
673819648 629803499
459097106 475692713
13263918 304444707
596621203 826226497
280362855 341432109
231315069 64264980
137686476 22766327
284007938 513411930
890207541 993099989
943626678 980234220
234781170 865304212
560128255 42396193
111598680 199046998
864746542 826218478
509439106 579629525
346681439 892823299
943147169 589717905
559443722 92384287
150634461 701307070
42486299 826225768
676910819 369957964
558037002 288838303
760835432 723009428
710436007 993092699
224752648 707109797
641310360 112220118
61995922 862513151
36185442 618662815
536403345 462917614
802503849 166912118
573015744 47233843
415955344 688698687
724629267 691788426
157359174 797537339
10970351 563525193
324445702 357445128
980224018 42542775
712178379 833891163
903923536 826229413
129616618 689020112
884310381 979780458
508194342 868173089
836575933 629810060
679847761 840481792
785079217 629796938
906134171 598770650
219198032 654016064
544517982 563238144
462272588 766601123
931174590 226704117
949042645 255888150
755119230 502889057
685236419 139472158
466378121 486047055
203034115 838549322
868868538 304707486
981721913 68147641
125978057 462908866
193022289 343327116
601079425 648842173
344255048 183091463
593779553 294253574
856237092 662389734
718117359 205339888
457688993 836463438
799369114 306118340
91460350 44427146
72587918 484989165
267555668 993105092
929970083 280493511
413864386 915767827
301537656 776564691
433348787 988057881
139359898 524409035
493434315 768514790
496617103 325238179
222108811 58423824
856454875 856458434
6782189 154276808
476845249 788435085
954394764 934309533
427687183 756538392
726343029 993102905
417017272 629808602
960079297 993167661
731608484 87852682
246368449 822815146
502258484 969979296
822939680 443035780
239877626 462912511
212419421 179162653
7946200 993115298
763317390 213111507
457903210 606908136
331134809 42295260
542226829 354541756
802280105 535679332
632629195 672856118
858529245 452477512
649388575 400189821
492823825 691243410
587825352 628172062
75822726 274047572
640261769 138362063
634402254 503172956
971277496 826230871
225166552 46367559
34368229 226041358
916484262 21658065
133245708 667243872
75614722 69949097
706943751 388013241
593084687 817778425
364811677 553695561
497370868 875530777
221458984 984441869
323485996 830884871
884206034 530360619
873365233 431381733
907734999 584968018
666323551 514250412
402041416 55963525
929163728 826219207
222773139 951539836
515676623 993091241
989732531 363113315
718046675 339528989
272843363 577555286
366347896 599385505
927336102 510960992
993391497 137384176
497684010 976710678
514748757 826221394
228857832 820417491
286816736 182553063
364576919 993124775
728765062 466581690
121407419 937791209
501720209 993124046
891142166 993098531
298669517 125236594
690903228 132143078
274581326 782464669
983073136 272519551
305390816 289312746
360313282 967031234
175663578 629804228
360741008 325766124
241530625 798057058
880895366 993125504
34540407 501448355
159449895 484635594
822140171 382942488
226930567 60517870
546599455 629800583
731784863 810714771
850569839 277999144
12769908 354866985
23693139 629797667
774139489 74757851
542130857 11749133
427196428 878773146
1590495 9255057
4193709 145290164
747863131 303453903
981400510 993116027
370742621 550591152
608967977 652640448
707428982 462914698
629208054 306956962
351411680 702845560
636736294 503175872
146791198 993101447
859126344 904036818
344812083 851878330
103167716 760229243
652234895 826316558
789431025 34211949
439430445 743258510
604023530 629794751
930436111 468455512
757349975 993126233
409610380 892733128
88839933 993093428
684845087 740136816
839124221 764830821
767280146 17396258
558253532 643046142
920674920 534936782
784864586 529950115
415105107 734095131
409469177 161000537
354103647 215941394
962458363 703111278
687794838 79627180
998946976 367347991
809795485 319941224
109679758 679564818
935098821 241001315
517598348 541580753
491411015 978891095
844362564 90488994
868243104 744941077
958276432 462908137
880113288 174104973
828243275 825356610
654094344 826234516
409405514 628889203
921708835 80347105
627221504 633656095
724156873 462927091
365841614 826225039
595757493 583647002
115560966 781336640
789314095 826227226
467852856 161997256
316768960 576626351
803574549 208904647
864318141 952852666
249400795 194441668
408285438 333231944
528281466 172621427
224885177 793283359
376535306 826224310
846248710 425971894
934813384 341234761
799157095 826232329
769447846 952854124
618653887 993117485
118669958 705642812
189675948 878653284
157721624 993102176
690342469 755107413
696731271 804416876
282865657 993108737
165339191 851281547
776385714 100776528
756284215 462911053
657391407 486049971
296324546 982037090
813316626 162823334
951797134 542918330
902928675 127316887
371272584 758813509
854671122 993110924
388396381 203229222
649139194 225415829
393891355 174770380
205244426 627700732
4846708 358793645
632597573 493474577
310892742 240359917
756105758 993118943
451711291 849767156
746599493 622464806
496024188 462924904
710073456 117594260
282087495 91549591
103498051 713116197
313694933 327669667
429017483 297184190
968939732 331335604
435838066 238603242
175909662 7851398
591107932 48488983
54747041 236297098
882250384 462929278
516255816 462924175
758330666 31396600
756410036 812222746
264717608 993096344
718631439 186009459
111896628 312930647
428968905 181024250
593115194 668360823
450238808 159675699
677574287 118966334
667749377 836001620
688120354 169005062
931501762 216290490
93078146 5108981
1276391 119213903
762050077 389127869
222224815 114851049
394610255 462921988
734414940 291613186
337252742 481002572
408507887 262777528
236941276 826228684
787994642 95174540
689352163 826231600
664558715 842514284
503209981 893473121
93837121 333918989
940185355 205767391
648252594 616157114
443004308 527513281
762910106 951850234
922160524 462930736
628528275 183738706
440257382 462919072
571867994 234152169
884854755 502400305
275806704 951514328
204499070 679211878
978737168 45751334
659833674 818574420
275555790 725424917
406891249 503174414
785090703 728014269
241609694 331465423
761517096 911295017
244693976 834915644
720285259 833533988
844332756 426244022
481151102 368188325
892046170 572545376
209193253 462935110
447145419 433346706
38174123 121888388
947451932 993105821
295407139 800486453
657878557 939059839
495234483 385603968
280153551 462910324
630218825 838435462
600395079 914531794
402917547 952853395
75709260 261772367
542123469 649728169
385056290 462907408
745099829 584948775
445854916 388100176
378442237 402095491
61950803 527408894
851152788 823647141
387041374 913951582
791534895 874267307
321156861 837349076
991020341 596198401
577395471 214821878
655688641 312958494
208109568 650747081
31766649 706000686
170311680 122843704
435860871 49053657
576391727 843974637
445335675 268461995
162119 417273216
881285515 653899363
162053167 615884212
525811633 839673853
260494845 329380287
391081405 237619704
743957332 4426141
160984922 609721896
391608524 788102543
862106144 226396145
953488591 445631273
60475936 569993184
294361888 739976032
463053590 993110195
232300266 645766760
138709422 183704272
142796427 963298781
561135456 798146004
792381034 165568964
157806000 749105965
660796690 207140743
769227936 154687444
948022470 755850679
65821865 969980754
971688184 210140959
930633817 401973093
931582218 389640057
539344332 621230704
618180451 629802770
682079907 648540206
427918313 629795480
238409495 941830882
791896249 861851697
167153606 767697565
180790778 823413061
256714321 993108008
343998704 336876309
911323071 68204337
209154246 323749213
413035353 879423848
530443203 573936773
581332855 772715123
491141775 329160080
464723403 766071819
821903049 145786529
286145032 313592543
598035683 689169102
90713244 947242179
457388805 462909595
568777937 737016893
928849292 976061772
789101839 657916328
937204163 65339880
257022892 101129524
426625776 516052218
175173587 729179041
840505115 689810408
650976467 462902305
486151190 993111653
905850475 993119672
267346234 570461757
668368557 383748800
833092330 993123317
122627102 480047320
74820860 604994963
636450179 462931465
542966902 160026910
757225931 826222123
697897616 659927339
35642385 12419377
859937242 646983559
335246613 311698513
557223887 683813880
374411304 268118870
721164245 844711963
968764901 431670110
675174532 431656952
321208321 427696041
108430457 239027900
309458121 740632129
828558208 239821265
641747014 451080564
516810600 462916156
770020664 815364721
813697843 160935666
357962409 457730329
976824970 826235245
62863811 167729779
927344788 36662012
17557835 462930007
178963790 406355784
867468932 413311237
62024716 655290462
120950186 974957938
421657647 77859496
639751917 629796209
584940855 462913240
566155542 967430855
197995802 113879119
76193189 747102049
776438470 918058879
589945114 728014998
991712873 530594841
609355625 58155651
531871387 626544175
856403493 745093004
829134327 93576053
594544576 64732195
970933921 448235601
617397862 441746591
810377293 606753727
844908030 243864414
378689585 813252114
208968253 462911782
260394971 462905950
352024221 671482368
546166481 113787310
106490623 629809331
555118951 739419267
911234182 360197804
55333337 578595182
865567213 993113840
191018428 770940258
86665172 174520583
296743569 239495128
629876860 462938026
312901860 166177452
618134682 993100718
549750100 128769296
247187001 244822522
879468913 954572783
984271850 50089977
239752857 785262362
615662091 583881892
289374359 818755070
661222246 526866828
350663022 46024043
454568286 491442551
26307127 800050354
163252755 460451735
32048082 319492706
10883041 331958839
568325580 629792564
167727792 561584021
6253029 306136057
865992287 175978203
553090976 112240095
92340729 5271527
741541214 664669460
756714177 734124384
902526117 573593653
417159440 634371724
610450608 114274227
899046319 566657028
317689207 642945299
307217826 33578573
289040821 349877001
931407340 223579327
886799841 475517910
209321782 849933209
514365328 839579353
585847308 882306004
89480380 276957930
663851859 722020450
187299965 969982212
57061653 769311630
936975724 487147963
209413147 640895795
297119688 629798396
31990126 993122588
207487214 109385761
905808361 205527110
727683936 418591332
855315276 321098775
253602418 339575940
104309188 94830588
360939657 976997715
476221382 465328023
935921949 457736238
749972439 585415180
527468897 321628062
299629588 389464880
823675198 629801312
915277389 997481070
172359075 55737255
607968481 483756981
764130766 871049677
631790031 655790343
614915065 158989418
143148837 259538839
825249897 320980846
432497706 422161842
462129196 386005960
17595739 929165121
551988962 296800967
302664362 492561174
963591944 745827415
606498327 706225086
371054279 826230142
39770250 754149227
512828745 196169085
170362283 353253100
864286570 703063984
419450237 700371094
181930970 826227955
439992186 950045649
345219531 486048513
33185562 640946706
702008215 297652954
956478781 292635303
388142339 993095615
312184094 740406235
654857446 138355846
693333133 424222533
31606108 124590148
408511174 473386433
93681266 452838763
264363744 702071922
930978719 137979933
18286241 166763171
310585837 275972505
887961246 419627966
656978779 896472258
97848370 766549219
427301529 949029554
813140854 454102163
582748232 424561633
624938075 173842598
202053534 100022216
788996902 491059944
330023170 233051318
913625432 823857143
