1000 185101796 185102109
558221780 4086154
86761498 181065722
557916628 4092414
713977240 181079494
950347411 142830683
902729201 181073234
706484336 181037865
261801807 181013138
973634306 3980673
892781690 181102030
407329019 3973787
667202429 4061427
727167814 4024806
670089828 181006252
213185585 3971596
814949025 181096083
453381347 181028788
144754531 42272991
210191154 181011573
305290716 3993819
601865553 142825675
745814276 181069791
81470028 99637234
666352385 4002896
240685844 181015642
804704434 181051011
419133011 142830370
662078495 181073547
657655714 4062679
645278992 3980986
760339116 181081998
739823527 3991941
558875859 4021676
841995810 181086380
29548640 4030753
868814181 4069252
297899529 181115802
368422795 142833187
551810948 181094205
573267018 46854216
673265628 181064470
462709669 4065809
370202681 3981925
985121984 4019485
651033312 4020424
557018430 4009156
731941571 181019398
538912054 4067374
376059709 64553171
91944739 181070104
989696303 181037552
70385612 181095457
404355371 3996010
799004788 99640364
526739749 181039743
756625534 4037639
36203254 99646624
656695163 42272052
744487575 181029101
955050733 85454233
811403343 181091075
150609195 181124253
999537998 3972222
813396107 181097961
203600190 181115489
693303000 181035361
969832373 4031379
177487575 4090223
225297122 4006026
251222281 4081459
189466645 181023154
67975285 3994758
439522869 4020737
956823910 181019711
260052168 4069878
990590765 181081059
745110703 4051098
535742820 181108603
105827513 62693839
628535053 181074799
964994723 181094518
188315842 181056332
599739147 181097648
558920445 181011260
209538145 181105473
998904918 4007278
710038934 181049759
517921320 4034822
763741320 181076051
27412713 163758662
974180770 181123314
164440153 4071756
116033549 99648815
361032187 140188209
387580277 4018546
736722480 181102656
274528371 4052350
480126351 181123940
505604727 181058210
611811610 4088658
509575324 3996636
590740282 181038491
545892179 4033883
546005423 181126131
226896372 181090449
682686936 181027223
922413357 53901557
515112244 85459241
216994523 85455485
417024813 4030440
704022236 85466127
534137969 4052976
421675908 42275182
660828128 3971283
824116280 4007904
61758487 181095770
418139035 4027936
837088021 181047568
211196349 181122062
889949829 42275808
551552107 4016668
82769177 4065183
922800027 181080120
964137266 181080746
509167151 4090536
149205112 181026910
213417600 99637860
510141189 181087006
398627103 4058610
261348758 181041308
805958788 4057045
914671745 4036700
636653082 181012199
222874353 181011886
383154923 85458928
828872743 181110168
379665957 99639425
100334877 4004148
186342049 4086467
769281607 85457676
361531088 181066974
53884366 181048820
851803194 181043186
30200504 3995071
409161537 22929116
281951621 168114448
975419061 4064557
669636296 181054767
478690938 181111733
412988546 3992567
499723819 4006652
281574476 181116115
165910757 99644120
576202942 181017520
941735037 181052576
31643696 4076451
575367646 181054454
553801713 4066748
775926985 181021902
315924165 3998514
725363026 4043899
30210683 181092014
523703547 4042021
903837717 3971909
794170397 181092640
794799889 85455172
444722321 181102969
814564067 4047029
819468027 4056106
375836338 4017920
116890739 4010721
926250013 4068626
867661309 44971388
982666455 3991628
233150836 4080207
892657667 181009069
135748146 142826614
225319993 4016981
38696230 181058836
719686826 181088258
666952207 4042647
223228485 4089597
551232799 4005400
363895594 181030040
419729810 181087945
167635819 181089197
633987471 4027623
201219838 181014390
613202617 181031292
969807057 4024180
654840518 4053602
492976614 181064157
754724072 31045282
474582253 131200865
55798303 42269235
326401038 4005713
232532009 181071982
686804269 3999766
285163068 181008130
71237046 85462684
989432071 3982238
25869812 3983490
429007003 181129574
684535721 85461119
474418869 181128635
427663136 181012512
168362592 181044751
659822750 3986620
643455533 181088571
320166375 4066435
987812823 99649128
266580159 3996949
130873500 142831935
785644043 4025745
430712264 181061340
213992956 181013451
170524237 181056019
142028988 99650693
440510423 181095144
873516449 3974726
815092101 181020650
727028498 42275495
360697967 181103595
630568354 181107664
305777663 4014790
621227120 181130513
966554380 181036926
148464141 4010408
312029127 4066122
691011990 181045064
748923634 181083250
450353754 4057358
465917605 181025658
596569109 181090762
101959050 181037239
551563324 4047655
845292467 181075112
257931404 99645059
417640774 181103282
445424204 181077929
879881087 4082085
900451934 181021589
645715889 181018459
705691904 181041621
797123337 42274556
144096248 4026371
484728978 181046629
599650633 181117680
838123227 42273304
625389561 29674855
153382150 42271113
746124778 99638173
138717692 181082937
559074706 181056645
393227989 181038804
161038595 4095231
845713812 99645998
306339668 4028249
19987608 4074573
181702253 3986307
534439868 4064244
214030486 181010008
57082327 181072921
215821947 4037013
249749835 142826301
340784186 42270174
278027060 99639738
363755250 181127070
566523315 92550898
666754491 85452355
187197933 181030666
351344252 181112359
194309174 3972535
655387620 181113924
937463733 85454546
357550016 99640677
801916245 181125818
413121961 4078955
720685056 85460493
325080206 99635669
816813358 181033483
759550346 181116741
584515123 181057584
575448850 4084902
758311865 3987559
783662614 181112046
654757593 4050785
765875863 3975039
151371957 4083337
749085416 4046090
989961953 181130826
446308963 4009782
599364469 181050698
931037222 3993506
496741380 3978795
10077320 4032631
390289898 181040056
818993016 3985681
264715633 181114550
517551941 181022528
379090379 181089823
193373456 181065096
302488363 181111107
718753347 3972848
84809809 4003835
586780426 181126444
729670223 181022841
495822148 181040369
808059163 131200239
737531497 181033170
906780474 53902183
545022442 85456737
627118155 181006878
332779040 4080833
323790135 181047881
900165719 181114863
656749397 4008530
914370462 181007504
264244192 181085441
309792586 3985055
231753419 99648189
867107949 181078242
392532044 181077303
242723097 42274243
959603960 4050472
927756632 181121123
974424590 181123627
159255911 3983177
735672611 4021050
225753692 4092727
537284694 99636608
295308556 181117367
540907292 181034109
937302260 181118619
40249434 4012912
477468364 181072295
497999143 99644433
260534738 4035135
765587843 181094831
920488964 4044838
135107837 4010095
341989355 4026058
783651722 4084589
558170617 4040143
910942550 4001957
148208412 181048507
840341911 4055793
874354961 179261130
797803430 181060088
494008011 181098587
924818457 181099526
706504505 4085528
919360291 181018146
8869471 4028562
945375955 3990689
577418469 4081772
45628961 3978482
865021228 4001018
818528223 3990063
976434495 181119558
827581483 181083876
252929422 181055706
890085539 4063618
977753037 3999140
220677842 4059549
111723761 4021363
663042310 66416251
254240730 99650067
816024677 181013764
370205992 181066035
644681018 181075738
532710112 4085215
781924676 4033257
393908262 181091701
544649317 142831309
48116744 181015955
261584132 181041934
436653058 4041395
387505967 157578762
629632604 85454859
549511929 4056419
901828951 181052889
639039413 85458615
176932809 4011347
829196729 4044212
759860318 181043812
774665095 4037952
792257823 4086780
484760261 181053515
731042862 99647876
4884608 4011973
128350799 181062592
953863326 85460806
692815751 4087093
285835536 4061740
545460084 4032005
7961125 181079807
125435247 4079894
854351421 4053289
604277340 140188835
106080305 4017607
468109458 4012599
237588684 181101404
684802713 99650380
62616923 4087719
331455384 181026284
149473146 181120184
659665644 181119871
199838645 3977856
267787256 4083024
887336703 99639112
288542050 4075825
168774163 181070730
606956577 4013538
741677635 4068000
734983426 4060488
253990850 181100152
920854051 181084815
930310226 181112985
147067350 4093353
492282320 4090849
131237535 181048194
315716367 4023554
39303526 4020111
495370057 181008756
163885097 181015329
478596149 3992880
877419691 181024719
484192943 4093666
83065802 99642242
255560661 181068226
105120779 181084189
757934264 181114237
175191755 181035987
360021088 181032857
997272329 99644746
374941308 42268922
780139374 85465814
575073832 181066661
300809728 85462058
574225025 181042247
515765983 3976604
47351678 181046003
715371076 4067061
967006985 4008217
312383332 4093979
438863031 4069565
537169688 4049533
11999486 42270800
877467793 122472900
583990766 181117993
487886878 181063531
351391463 4029188
129244642 181113298
727651803 44913900
381330586 181071669
523651496 181130200
67326797 4026997
857330482 4021989
643246229 4016355
635111474 181100465
590099764 181102343
900626694 181108290
346058139 4006965
359212891 181097335
445105726 181078555
630692853 181083563
67117671 4050159
187660493 181036300
609084007 3985994
413705499 181044438
980137987 85456111
186263086 181059775
680679527 99649754
640756503 181067600
972381185 3970970
290721649 4015103
962320046 4038265
793540813 3993193
398074825 181034422
849828833 181012825
380353732 181010321
278785175 4039204
990873350 181113611
823738049 4028875
74709646 4048594
654152419 4009469
762945921 181115176
401186339 4001644
354124695 181129887
299731226 99645685
648458250 16479179
804664990 181120497
59853585 181073860
389822624 181040682
708550006 4036074
162039882 3979108
495668900 4079268
555696623 92551211
442860766 4065496
940130844 99637547
154783903 181019085
583719879 181047255
106757555 181101717
746264658 44913587
927732388 63111460
455318449 181085128
669428328 181106099
49156519 3991002
692292271 142832561
377925476 3981299
6294231 4018859
787696211 3988185
311118987 181050385
144055000 181043499
153188161 181066348
987253850 181070417
95764714 4016042
853827700 99641929
369870181 4048907
157955910 181085754
91227764 4070817
283066721 99646937
70597425 4041082
404217202 181008443
925259238 85452668
746441029 181044125
242457110 181027849
384426272 181110794
87188188 181096396
938134226 3987246
733354586 4040769
329736662 3970657
579305560 4060175
480462062 3989124
60444609 181020024
267709512 181031605
146461153 181046316
382848552 181128948
574691387 4004774
776876353 181036613
213907163 3975665
47533263 70185801
241294040 181117054
647031270 99641303
380252193 99646311
724131915 181112672
194795710 5005188
830370544 4001331
165283868 3981612
316093414 85458302
544111001 181067287
242034010 3976917
342763436 181090136
401347067 181076364
415523686 4031692
673724810 4023867
49695983 42273930
11017275 142829118
28278059 42276121
968673758 3975978
774555193 4000705
876616976 4062366
887757031 99651006
482797295 181006565
599553187 3984429
620846692 181067913
995766640 4018233
23673319 99643494
32150935 181049446
703916924 4042960
430622050 42269861
928940680 181025032
234522149 85451103
35533024 181017833
755264987 4087406
92222391 4076138
354525955 4037326
390120642 4052663
821750769 181106412
407981922 4074260
544935588 181029414
477358850 181076677
744516978 181081685
388871067 181101091
488759046 142832248
710354919 4051411
604666977 4091788
612871037 85457363
296417774 181030353
956815866 181077616
491932575 181015016
730404686 4077703
96887827 3986933
442108243 181054141
240538927 142830996
659669741 4060801
17587219 181100778
989772102 179123375
262111279 181116428
485907680 4074886
4077430 181021276
165449739 181071356
337163165 3982864
585037104 181014077
637222352 181097022
877469856 181107351
176490012 181074486
437880320 3984116
506828529 181109229
752331149 4014164
321288610 3989437
303801315 181028162
182402634 4059862
708863099 4042334
611727225 3997575
570528834 3992254
168109954 4019172
708441696 181007191
364612168 181124566
913882169 181040995
162756136 99642555
893854819 181045377
721742490 181107038
939516794 4045464
253977380 181103908
655052839 181055080
792954352 181033796
650415420 181016268
245792302 85464249
548681258 53901870
616317779 85461432
278052623 4025119
128513808 181125192
822514233 4035761
171557367 4002270
923092434 4032944
205512767 181059462
486059135 99647250
554958682 4014477
329494273 4038578
508600026 3983803
172483381 181063218
617388461 3978169
192502123 4095544
6678349 4075199
702306064 4063305
492126818 4085841
117051793 181124879
906254535 4024493
406362079 4078329
921356145 4072695
951273535 4034196
543590427 42272365
559453352 181121749
538517071 3987872
25515874 4092101
556477417 181120810
370183389 99642868
15403728 85460180
612103038 142832874
575149967 4039517
271756811 85463936
199130403 4004461
685120673 181091388
764201488 85459867
34504160 4068939
835485364 99643807
188706713 142829431
569791352 4000079
757499882 4094605
447876534 181026597
2797058 85465501
720635282 42271426
491457410 3997888
149885141 140187896
743594476 181016581
58438718 4025432
204267149 4080520
748341716 53900931
50276282 4008843
510110707 4058923
376632906 4022302
758195085 181057271
956413881 85461745
829373534 85452981
541327601 181092327
672975467 85465188
416728757 181104534
729362374 42268609
981072321 142830057
57256378 181053828
499705082 3996323
76560087 3997262
883140112 4049220
293747098 4071130
308217051 3994132
285383358 4035448
795037607 4046716
124131816 42272678
381047307 4013225
802083011 181018772
272996390 4088971
92492094 181032231
423918957 4054541
14672379 3985368
42840700 4089284
400886612 99645372
102011421 181088884
428073491 4071443
698989350 4082398
235208207 181059149
516595383 181093266
295323708 85464875
798946486 85459554
290319510 140189148
589446296 181051950
421289439 3977543
92892525 4073634
375433543 4078016
43991112 85462997
810320808 181109542
454567639 4075512
897893815 181076990
562324673 181063844
667859388 3984742
59787463 85457050
547066986 4070191
353301929 85453920
933454234 181108916
800859879 4072069
634741805 3988811
334224897 181061966
885044938 4082711
178230130 181053202
461887733 181010947
431808991 99638799
193877542 4054228
734128593 181017207
133485238 85453607
157022378 181028475
310759955 4084276
346303725 4022928
438723299 3975352
17801812 3995697
679232100 181127696
181219789 181031918
96160765 3979421
833552674 4091475
335679772 181105160
568831090 4031066
152468146 181128009
130733893 181106725
916114292 85451729
926617689 4067687
726038613 4073321
686296978 3988498
775643433 4036387
54537099 18729729
966249945 4070504
989106967 142828492
283534953 4027310
403877865 4003522
922272511 4089910
404921466 4015416
289214514 181046942
911763530 3979734
268384223 4083963
699432921 4077077
729854299 181082311
923411631 4002583
537408077 163665575
343916466 181010634
654353191 181109855
767507987 4057671
179026648 181111420
804845749 181009695
520163880 4083650
294803717 4017294
260389590 4019798
182820865 42270487
467357725 181039430
944072669 99638486
49876832 4059236
850865486 3991315
695235639 181034735
337832300 44912961
819877662 181030979
281398149 85451416
10609825 142827240
409779960 181096709
578026330 181025345
978165928 181092953
12872457 4073947
436431980 99641616
314634975 181024093
462992095 4023241
847832733 4088032
178444109 3974100
207146808 142826927
262457059 181056958
678087043 3974413
362234863 145255973
771371119 181098900
157939904 181052263
574521546 3998201
274103632 181107977
218476883 181082624
144281747 181068852
537785988 4039830
421796934 4000392
136517340 4015729
663250846 181122688
157004138 181118932
174799610 142829744
732781288 99648502
302105096 4049846
659454315 99640051
578401746 181081372
483096932 181131139
875566791 4058297
49400692 181080433
934781645 181045690
972443561 181074173
804590658 36600226
96765293 181126757
14964462 181023467
227372106 4047968
913646275 181129261
405331141 3998827
457058044 4043586
990275869 4072382
469598383 181062279
482509122 42271739
262141622 131199926
312835511 4051724
809084323 4043273
682771336 181022215
411221083 142825988
771943169 4081146
85695786 4047342
307419213 181027536
573946095 4093040
937226468 181119245
479435148 4045151
569448204 181069165
274223183 4045777
86513700 142828179
556890052 68282681
582376139 3977230
239324418 3990376
349239471 181087632
422138906 181023780
892812055 4013851
110403979 181038178
817103895 85462371
856109668 85455798
798017836 85466440
523999679 181110481
605614723 99643181
750950193 4054854
56898447 181105786
154551135 4040456
581579361 4094918
263036384 181127383
569963691 181029727
606857189 4078642
276279533 4094292
170976163 99640990
880143145 4088345
106564965 142827866
864353017 181009382
169421785 181051637
423022448 181042560
360483045 181068539
584722925 181079181
644016088 4044525
330030781 4077390
374411770 181062905
123512857 99636921
792387912 4079581
61242155 4053915
103827846 181128322
997967779 85463623
688926893 131200552
343478311 4022615
131235245 4073008
754715498 181123001
119195748 181060401
365922458 3994445
866937916 85452042
198604680 4062992
469004301 181032544
780714267 99635982
927471822 3973161
421293930 42273617
42306500 181035048
18295157 4033570
845932569 4041708
19550927 181007817
308410746 53901244
520128632 99647563
676328302 81945756
569160615 4011034
313899245 181098274
55824604 181057897
758603983 181061027
916988447 4011660
620831926 56952582
274100218 3999453
747022802 4063931
763507767 142827553
125114947 181089510
132354964 4091162
708915749 4068313
19912779 181093892
406475275 181014703
867377136 181075425
670710276 181060714
634471217 181024406
498128727 181064783
262720770 3976291
180687608 4006339
235141739 4029814
248054918 181084502
358034518 181071043
698379807 142831622
859785118 44913274
416594966 4076764
152897433 3989750
547610469 3982551
355693695 85457989
674379023 4062053
125612378 3995384
420324659 131199613
445196053 4055167
188582760 181086067
206343988 181035674
307427296 44914213
568563938 181104847
946022870 181078868
494488182 6046743
956623240 4012286
290964902 4007591
444363411 85456424
539221647 181118306
951629593 181025971
286683162 85463310
957077941 42269548
275612645 4061114
593825950 140188522
340812010 4030127
6792934 4038891
750124147 181051324
473241272 181061653
544592876 181087319
161177146 181039117
956561011 181125505
502324077 181069478
695482501 4048281
721918658 181050072
787990330 181072608
449734520 4003209
265318121 181042873
408416706 3980360
561114325 181020337
30072170 181055393
741103021 181099213
982042277 4032318
342325679 4064870
250945517 4046403
392315546 131146457
322555044 4034509
655182430 181020963
39879868 99649441
749501249 42274869
121017152 181058523
718267122 4052037
399717582 181016894
284705514 181049133
876299021 181065409
186853821 3973474
931171517 181099839
972743244 4055480
904586319 142828805
658238008 181086693
59985378 181093579
136349544 181121436
87740379 99636295
453783739 3980047
200318973 85453294
578838488 48620798
6292100 181122375
418626635 4057984
270029347 4026684
713180706 4005087
535056997 85464562
373090452 4029501
776500470 181104221
826868322 4056732
